33 0.9771830984375001 0.46790624999999997 0.9891079812499999 0.20409375000000002 0.8937558687499999 0.176328125 0.899718309375 0.4956875 0.899718309375 0.501625 0.947394365625 0.565109375 0.9771830984375001 0.46790624999999997
33 0.7960798125 0.28865625 0.8363615031249999 0.325765625 0.8383333328125 0.32478125 0.8735211265625 0.08246875000000001 0.8363615031249999 0.051546875000000006 0.8115727703125 0.1835 0.7960798125 0.28865625
24 0.0202112671875 0.9215312499999999 0.047159625 0.9461875 0.07410798125 0.90359375 0.0808450703125 0.854265625 0.087582159375 0.800453125 0.0943192484375 0.735421875 0.111150234375 0.728703125 0.188638496875 0.502234375 0.1482159625 0.470859375 0.10441314531250001 0.399109375 0.09767605625 0.369953125 0.0943192484375 0.345296875 0.09767605625 0.327359375 0.1246244125 0.28700000000000003 0.17516431875 0.248875 0.24589201875 0.23093750000000002 0.33685445937499997 0.24215625 0.34359155 0.21973437499999998 0.296431925 0.15246875 0.23915492968750002 0.11882812499999999 0.161690140625 0.11434375000000001 0.1246244125 0.121078125 0.0437793421875 0.136765625 0.013474178125 0.147984375 0.0067370890625 0.27354687499999997 0.0404225359375 0.28923437500000004 0.010093896875 0.336328125 0.0168309859375 0.8677187500000001 0.0202112671875 0.9215312499999999
24 0.355704225 0.113296875 0.38802816875 0.16514062499999999 0.3895070421875 0.187640625 0.3895070421875 0.20231249999999998 0.37481220625 0.23165624999999998 0.37481220625 0.25415625 0.377746478125 0.26003125 0.382159625 0.29426562500000003 0.3895070421875 0.313828125 0.4086150234375 0.32751562500000003 0.42476525781249996 0.3421875 0.44093896718750003 0.35490625 0.47619718281249995 0.395984375 0.51 0.41359375 0.49823943593750003 0.398921875 0.48061032812500004 0.37153125 0.48061032812500004 0.310890625 0.47767605625 0.304046875 0.45269953125000006 0.271765625 0.429178403125 0.25025 0.415962440625 0.232640625 0.449741784375 0.213078125 0.45269953125000006 0.20231249999999998 0.45269953125000006 0.181765625 0.45122065781250004 0.168078125 0.44828638437499996 0.158296875 0.44680751250000006 0.15046874999999998 0.44239436562499995 0.13774999999999998 0.43946009375 0.12796875000000002 0.42624413125 0.109390625 0.4086150234375 0.08787500000000001 0.39096244062499996 0.07710937500000001 0.3601173703125 0.057546875 0.34394366249999997 0.057546875 0.29840375625000004 0.060484375 0.252840375 0.070265625 0.24694835624999997 0.07710937500000001 0.25870892031250003 0.07809374999999999 0.3174882625 0.09471874999999999 0.33659624374999997 0.10059375 0.34687793437500003 0.105484375 0.355704225 0.113296875
24 0.24197183125000002 0.070734375 0.29194835625 0.06023437499999999 0.334037559375 0.056734375000000004 0.373497653125 0.058484375 0.3866666671875 0.065484375 0.42347417812500004 0.10400000000000001 0.4392723 0.0865 0.447159625 0.063734375 0.45767605624999996 0.053234375 0.452417840625 0.004203125 0.307746478125 0.002453125 0.3024882625 0.028718749999999998 0.2709154921875 0.039218750000000004 0.2261971828125 0.058484375 0.197253521875 0.08825 0.2393427234375 0.09175 0.2709154921875 0.08825 0.24197183125000002 0.070734375
33 0.8845305171875 0.10748437500000001 0.8440140843749999 0.32546875000000003 0.881150234375 0.42434374999999996 0.952042253125 0.14345312500000001 0.8845305171875 0.10748437500000001
21 0.8520187796875 0.980421875 0.8745774640624999 0.9708593750000001 0.8663849765625 0.953125 0.8253755875 0.9299375 0.74340375625 0.9067500000000001 0.7761971828124999 0.9162968749999999 0.80694835625 0.9299375 0.8110328640625 0.938125 0.802840375 0.9476718749999999 0.7761971828124999 0.9394843749999999 0.7680046953125 0.9367656249999999 0.74340375625 0.9244843749999999 0.710610328125 0.92175 0.7126525828125 0.923125 0.749553990625 0.95040625 0.7638967140624999 0.96678125 0.7823474171875 0.97359375 0.79053990625 0.9776875 0.8294835687500001 0.9790468750000001 0.8520187796875 0.980421875
21 0.9251173703125 0.69340625 0.9164553984375001 0.68259375 0.9169953046874999 0.681875 0.8639201875 0.6696093750000001 0.8503755875 0.670703125 0.8308685453125 0.672140625 0.8048826296874999 0.6757500000000001 0.792957746875 0.6833125 0.7994600937499999 0.6897968750000001 0.8216666671875 0.694484375 0.8655399062500001 0.70603125 0.906713615625 0.702421875 0.9094131453125 0.7035 0.9121126765625001 0.703140625 0.9251173703125 0.69340625
16 0.6750469484375 0.894953125 0.7211971828125 0.8914687499999999 0.7662910796875 0.894953125 0.847065728125 0.9089218750000001 0.855446009375 0.8844843750000001 0.8690845078124999 0.8446875 0.8638497656249999 0.8153750000000001 0.8502112671875001 0.790234375 0.8439201875 0.78953125 0.7169953046875001 0.794421875 0.61 0.8042031250000001 0.596361503125 0.811171875 0.5711971828125 0.888671875 0.5921830984375 0.8942656250000001 0.6425117375 0.9019375000000001 0.6750469484375 0.894953125
16 0.6791314546875 0.70384375 0.7952347421875 0.6940625 0.7658215968750001 0.67840625 0.7687793421875 0.6754687500000001 0.764366196875 0.6656875 0.707042253125 0.635375 0.6953051640625 0.63634375 0.6659154921875 0.620703125 0.5351173703125001 0.633421875 0.533638496875 0.631453125 0.53805164375 0.682328125 0.6791314546875 0.70384375
16 0.673145540625 0.5563281250000001 0.6590845078124999 0.50296875 0.5184507046875 0.50671875 0.5057746484375001 0.535734375 0.5029577468750001 0.558203125 0.5859389671875 0.55259375 0.6492488265625 0.5619531249999999 0.673145540625 0.5563281250000001
33 0.7569953046875 0.21740624999999997 0.78553990625 0.24737499999999998 0.8009154921875 0.23932812499999997 0.837159625 0.05437499999999999 0.8624178406249999 0.065328125 0.8679107984375 0.066796875 0.8646244125000001 0.03609375 0.825070421875 0.00684375 0.810798121875 0.0031875000000000002 0.7866431921875 0 0.7569953046875 0.21740624999999997
21 0.5769953046875 0.61084375 0.5789436625 0.614703125 0.6186854453125 0.61309375 0.5658450703125 0.604390625 0.5546948359375 0.5979375 0.5372535218750001 0.598578125 0.5188262906250001 0.60825 0.5669201875 0.6134125 0.5769953046875 0.61084375
21 0.6584272296875 0.6114843750000001 0.665704225 0.6047109374999999 0.6720187796875 0.6179375 0.681713615625 0.60696875 0.6729812203125001 0.5979375 0.618685446875 0.61309375 0.64517996875 0.6120208328125 0.6526291078125 0.620515625 0.6584272296875 0.6114843750000001
21 0.8087016968749999 0.773669471875 0.8805868546875001 0.780765625 0.9165258218749999 0.779625 0.92338028125 0.7614062500000001 0.908826290625 0.757984375 0.908826290625 0.751140625 0.8968309859374999 0.7619687500000001 0.8360798125000001 0.7351875 0.8287989031249999 0.7454479171874999 0.81981220625 0.73975 0.7967208375 0.772486778125 0.7870109546874999 0.7701354171875 0.784739978125 0.7713040859375 0.7764632234375 0.7663333328124999 0.7659154921875 0.76253125 0.7445070421875 0.7585468750000001 0.72483568125 0.765390625 0.7727591203124999 0.77012139375 0.7975586859375 0.7739375 0.8087016968749999 0.773669471875
24 0.1417840375 0.8157343750000001 0.1350469484375 0.82246875 0.087769953125 0.8516875 0.091150234375 0.8898906249999999 0.10802816875000001 0.910109375 0.091150234375 0.91909375 0.0641549296875 0.9977499999999999 0.40849765312499997 1 0.4017605640625 0.9146093750000001 0.5773004687500001 0.9483124999999999 0.6887089203125 0.97753125 0.74948356875 0.9707812499999999 0.7629812203124999 0.9617968749999999 0.7359859156249999 0.9303437499999999 0.7461032859375 0.9303437499999999 0.8136384968750001 0.92809375 0.810258215625 0.92359375 0.78661971875 0.905625 0.7359859156249999 0.892140625 0.68197183125 0.8898906249999999 0.6279577468750001 0.896625 0.5773004687500001 0.8898906249999999 0.452394365625 0.8561875000000001 0.4591549296875 0.7483125 0.48276995312500004 0.7460625000000001 0.5266666671875 0.739328125 0.5503051640625001 0.7325781250000001 0.5097887328125 0.557296875 0.5131690140625 0.501125 0.5266666671875 0.442703125 0.4929107984375 0.408984375 0.4625117375 0.40225 0.45577464843750004 0.382015625 0.43213615 0.3550625 0.42875586875 0.32584375 0.39838028125 0.301125 0.3848826296875 0.292140625 0.340985915625 0.260671875 0.30046948281249997 0.262921875 0.232957746875 0.26742187500000003 0.1789201875 0.27415625 0.1417840375 0.292140625 0.1215492953125 0.312359375 0.11140844999999999 0.339328125 0.11140844999999999 0.35729687499999996 0.128286384375 0.40449999999999997 0.13842722968750001 0.415734375 0.18230046875 0.44718749999999996 0.2059389671875 0.47415624999999995 0.1890610328125 0.47865624999999995 0.11478873281249999 0.741578125 0.1417840375 0.8157343750000001
24 0.3457511734375 0.227046875 0.3457511734375 0.258171875 0.36802816875 0.273 0.3791549296875 0.191453125 0.3502112671875 0.12178125 0.27892018749999997 0.08915625 0.192065728125 0.0861875 0.15197183125 0.09953125 0.140821596875 0.120296875 0.25887323906250004 0.130671875 0.327934271875 0.18848437499999998 0.3457511734375 0.227046875
33 0.76051643125 0.112453125 0.78769953125 0.0073124999999999996 0.7418309859375001 0.000515625 0.719741784375 0.068359375 0.76051643125 0.112453125
21 0.71269953125 0.49984375 0.7169014078125 0.49424999999999997 0.709906103125 0.48865625 0.697769953125 0.48834375 0.6683568078125 0.49021875000000004 0.6679107984375 0.50078125 0.6875117375 0.501390625 0.71269953125 0.49984375
16 0.7153521125 0.47418750000000004 0.7273474171875 0.487375 0.7954929578125001 0.489578125 0.768638496875 0.439828125 0.694718309375 0.44725000000000004 0.692230046875 0.454390625 0.6967840375 0.458796875 0.7153521125 0.47418750000000004