5 0.276875 0.565625 0.2755416671875 0.5710625 0.27325 0.57403125 0.269625 0.5760156249999999 0.2663125 0.57921875 0.26697916718750003 0.584671875 0.2666458328125 0.588875 0.2666458328125 0.595796875 0.264 0.6005 0.265 0.6071718749999999 0.2666458328125 0.61534375 0.2682916671875 0.6195468749999999 0.26795833281250003 0.6207812500000001 0.2689583328125 0.627703125 0.2752291671875 0.624984375 0.2781875 0.6230156250000001 0.2831458328125 0.619796875 0.29435416718749996 0.616328125 0.29533333281249996 0.616328125 0.2986458328125 0.616828125 0.30325 0.617078125 0.30325 0.613859375 0.3016041671875 0.607421875 0.3016041671875 0.601484375 0.3016041671875 0.60075 0.3019375 0.599515625 0.3019375 0.5960468750000001 0.3019375 0.592328125 0.3022708328125 0.589375 0.3026041671875 0.5839218749999999 0.3012708328125 0.578984375 0.3002916671875 0.5760156249999999 0.2992916671875 0.5747656250000001 0.2966666671875 0.57328125 0.29435416718749996 0.57328125 0.29072916718749997 0.5710625 0.28875 0.569328125 0.2864375 0.565375 0.2864375 0.5643906249999999 0.28841666718750003 0.5626562500000001 0.28939583281250003 0.560171875 0.2880833328125 0.558453125 0.2854375 0.557203125 0.2834583328125 0.557453125 0.2808333328125 0.558203125 0.27918750000000003 0.55596875 0.2765416671875 0.5596875 0.276875 0.565625
4 0.6829583328125 0.281609375 0.59175 0.2880625 0.5943333328125 0.30484374999999997 0.6123958328125 0.303546875 0.6812291671875 0.2996875 0.6829583328125 0.281609375
4 0.6619375 0.299546875 0.5847083328125 0.306109375 0.5861666671875 0.31921875 0.5941875 0.31921875 0.5890833328125 0.318671875 0.6670416671875 0.31429687500000003 0.6925416671875 0.31429687500000003 0.6961875 0.3011875 0.6619375 0.299546875
4 0.7911041671875 0.36846875 0.4684166671875 0.382140625 0.47570833281249997 0.45734375 0.785625 0.469640625 0.7911041671875 0.36846875
13 0.0559791671875 0.8217343749999999 0.20972916718749998 0.70415625 0.2700208328125 0.7437343750000001 0.2926458328125 0.7425937499999999 0.22179166718749999 0.67703125 0.3710208328125 0.663453125 0.31677083281249996 0.638578125 0.2805833328125 0.6329374999999999 0.1464166671875 0.585453125 0.0574791671875 0.599015625 0.0574791671875 0.60128125 0.0605 0.638578125 0.0559791671875 0.8217343749999999
23 0.35331250000000003 0.6561250000000001 0.5750416671874999 0.65859375 0.6489583328124999 0.638875 0.6506041671875 0.590828125 0.5175625 0.56496875 0.3648125 0.5834374999999999 0.35331250000000003 0.6561250000000001
23 0.3730416671875 0.740625 0.4189375 0.829828125 0.5942291671875 0.828265625 0.6046666671875001 0.74375 0.58275 0.678015625 0.3918125 0.6655 0.37825000000000003 0.6701875 0.3532083328125 0.7116718750000001 0.3730416671875 0.740625
4 0.742625 0.19828125000000002 0.745375 0.16640625 0.6966875 0.15971875 0.5046666671875 0.21012499999999998 0.5080833328125001 0.238921875 0.7042291671875 0.192109375 0.742625 0.19828125000000002
4 0.693375 0.327125 0.6940208328125 0.316796875 0.6717083328125 0.31728125 0.6428541671875 0.31728125 0.5759166671875 0.318765625 0.5746041671875 0.31629687500000003 0.5713333328125 0.336484375 0.6087291671874999 0.334515625 0.6704166671875 0.32959375 0.693375 0.327125
4 0.5002083328125 0.33559375 0.5704166671875 0.33559375 0.5704166671875 0.32623437499999997 0.5906875 0.3086875 0.47837500000000005 0.3121875 0.472125 0.31453125000000004 0.48150000000000004 0.33559375 0.5002083328125 0.33559375
4 0.5235000000000001 0.2563125 0.7379583328125 0.20795312500000002 0.7019583328125 0.19012500000000002 0.4875 0.249734375 0.492 0.2495625 0.495 0.2641875 0.5235000000000001 0.2563125